3.831415702438036419e+01
1.892163820723374812e+01
1.605019681962950884e+01
1.489338304718028638e+01
1.422477068503012809e+01
1.375995616226850871e+01
1.351772958712556694e+01
1.331507816780882436e+01
1.311083639872564000e+01
1.292639131060368918e+01
1.283579641124895154e+01
1.270916554093426676e+01
1.265457656448198343e+01
1.253302152054584617e+01
1.240135621511050168e+01
1.418647302547673350e+00
8.446801324633267383e-01
8.219785582557750381e-01
8.119346701514793541e-01
8.052222238216395489e-01
7.977938632026954080e-01
7.930218197359709675e-01
7.890346839580740790e-01
7.866064286346718948e-01
7.828681995067174881e-01
7.805656103037578175e-01
7.781183585420263782e-01
7.756666273126348043e-01
7.720820840418808340e-01
7.701742087514485968e-01
7.704569755589764091e-01
7.686261578234057090e-01
7.673835842784620942e-01
7.652516387213976756e-01
7.637282729357455224e-01
7.620558006296216380e-01
7.627017433353400211e-01
1.975732668014246229e+01
1.229826875898885774e+01
1.129478549398542953e+01
1.074594213109999430e+01
1.028003403262129289e+01
1.003397620068109042e+01
9.664268137665507297e+00
9.381354887264356179e+00
9.243727457949232118e+00
8.921831440706794680e+00
8.776210386531934304e+00
8.680156051741393597e+00
8.590042798724654816e+00
8.381203835145718983e+00
8.339926812149430546e+00
8.242711215283353710e+00
8.180557078472789456e+00
8.155625802655565693e+00
8.023885541843688074e+00
8.035325526370645122e+00
7.961179450315476913e+00
7.940263760046894603e+00
7.938665102286949882e+00
7.852726522721996893e+00
7.879641089076802274e+00
7.782621254650579523e+00
7.802899742431227637e+00
7.722911310406912477e+00
7.650509311581626726e+00
7.676738548771118609e+00
7.576855337256409584e+00
7.576380691853400684e+00
7.557480012342915110e+00
7.554182954398735994e+00
7.540379352352339026e+00
7.461795090691295762e+00
7.493008543022027901e+00
7.443209753041188037e+00
7.483300662322029950e+00
7.358799928096582121e+00
7.391272841184423292e+00
7.380535267525444532e+00
7.414632538309725796e+00
7.339772570840415788e+00
7.262763202092719084e+00
1.169416377746214097e+00
8.180183926214279477e-01
8.047689183738183649e-01
7.953524189762452012e-01
7.868455087705755746e-01
7.806329551631175923e-01
7.789587852457898753e-01
7.732284853490736243e-01
7.743250012189175635e-01
7.688687782040418695e-01
7.681457959213281450e-01
7.642847086031605564e-01
7.647029499108605188e-01
7.628190021632745843e-01
1.783257872133857447e+01
1.292127623339857045e+01
1.217216393308461697e+01
1.184353745831927895e+01
1.158430067142485775e+01
1.148212614995703795e+01
1.132690762759071568e+01
1.125055925906430332e+01
1.114160302052305518e+01
1.108660570063728912e+01
1.104373652393868710e+01
1.098445715418417201e+01
1.093636762467602885e+01
1.080807838009463495e+01
1.073753151347466606e+01
1.066441211272229594e+01
1.062144282061033884e+01
1.055944270709787425e+01
1.051377665742528755e+01
1.043244356527085337e+01
1.039157512554930030e+01
1.039129321465390632e+01
1.030836478841903592e+01
1.032489864637046040e+01
1.026241123950735457e+01
1.024011123575031945e+01
1.021904163690825307e+01
1.016877451847495983e+01
1.017830565474258364e+01
1.010441983669225152e+01
1.011564537091251559e+01
1.008592466259293019e+01
1.010866103560594276e+01
1.008827245289876551e+01
1.004578171402805609e+01
1.003045273967983064e+01
1.002871987928992148e+01
9.996756481344116096e+00
9.983229742837641751e+00
9.963651054208499502e+00
9.971862931706045430e+00
9.952463329337321696e+00
9.946444898798404211e+00
9.960902181390213883e+00
9.896190740655727680e+00
9.915684672636709607e+00
9.920569707450983543e+00
9.936486485160466842e+00
9.915283648050538190e+00
9.893104806905286708e+00
9.923259610091896832e+00
9.904626997434386126e+00
9.869810197111133832e+00
9.869363760294978860e+00
9.883602153538205926e+00
9.850049707806093124e+00
9.832108300139552171e+00
9.831058959710544443e+00
9.817245698818878097e+00
9.816237745128992387e+00
9.805089019499776626e+00
9.783089043796515227e+00
9.795784230986141594e+00
9.796830899049520980e+00
9.774686719116555622e+00
9.725189897000699801e+00
9.805508741210221757e+00
9.766957521030347422e+00
9.743608547649609264e+00
9.729109090983957486e+00
9.743248438703597358e+00
9.750642123695921981e+00
9.726946489179514543e+00
9.697531099529026477e+00
9.727362135116186082e+00
9.731935025100657555e+00
9.698746417687363675e+00
9.700425551384913803e+00
9.712384656706719355e+00
9.662355296257061354e+00
9.669045143158287559e+00
9.653975108442786279e+00
9.632255599764565801e+00
9.634120731026252216e+00
9.656591880788722548e+00
9.665434827724729061e+00
9.662702005271498251e+00
9.630328311994558632e+00
9.634028154307667791e+00
9.655091902618176292e+00
9.626272460527978581e+00
9.642464470690969236e+00
9.658281035800683867e+00
9.607966803592633553e+00
9.612548372199364977e+00
9.603987689568027619e+00
9.625505627585146939e+00
9.635924691116066754e+00
9.617350495387793075e+00
9.609151435156935150e+00
9.594199154316200406e+00
9.648764227759349055e+00
9.617106906650091602e+00
9.604568521748758414e+00
9.569133692385580758e+00
9.563222577696159021e+00
9.558880484539624689e+00
9.618331680082839341e+00
