All Networks/Clean Data esp=0.1 min_samples=1000/data.csv

node_mu:
    tensor([ 2.0305e-03,  8.5950e-02,  5.1019e-03,  2.7762e-06,  5.2907e-04,
        -4.9664e-06, -2.6047e-05,  9.8300e-03,  7.2086e-05,  7.5010e-04])

node_std:
    tensor([6.6930e-03, 1.8521e-01, 2.8004e-02, 1.5481e-05, 5.5852e-03, 8.4953e-05,
        5.6959e-04, 4.5012e-02, 8.9246e-04, 4.9253e-03])


layer_mu:
   tensor([1.4663e-03, 1.4688e+00, 9.3911e-01, 1.3201e+00, 2.4258e+01, 4.4790e-01])

layer_std:
   tensor([8.4416e-03, 2.3267e+00, 1.2049e+00, 3.7240e+00, 2.1457e+01, 1.3447e+00])